1,271,0,0$0,0,0,0,0,0,0,0,0,0$3,0.60687196,0.11774482,1,0,0,0,0,0,0,1,0,0,0.58451194,0.229973,1,0,0,0,0,0,0,0,0,0,0.60128206,0.339168,1,0,0,0,0,0,0,0,0,0,0,0,0,0,0$0,0,0,0
2,2594,0,0$1,0,0,0,0,0,0,0,0,0$2,0.28824046,0.5120601,1,1,1,1,0,0,0,0,0,0,0.28637713,0.57575715,1,1,1,1,0,0,0,0,0,0,0,0,0,0,0$0,0,0,0
3,4498,0,0$0,0,0,0,0,0,0,0,0,0$3,0.2956938,0.48476133,1,0,0,0,0,0,1,1,1,0,0.5882386,0.53935885,1,0,0,0,0,0,0,0,0,0,0.5565618,0.47262856,1,0,0,0,0,0,0,0,0,0,0,1,1,0,0$0,0,0,0
4,5572,0,0$0,0,0,0,0,0,0,0,0,0$3,0.2733337,0.50599366,1,1,0,0,0,0,0,0,0,0,0.5807853,0.10561204,1,0,0,0,0,0,0,0,0,0,0.5602885,0.17840873,1,0,0,0,0,0,0,0,0,0,0,5,0,0,0$0,0,0,0
5,2457,0,0$1,0,0,0,0,0,0,0,0,1$2,0.6087354,0.46656218,1,1,1,1,1,1,1,6,0,0,0.31060058,0.5150933,1,1,1,1,1,0,1,5,0,0,0,11,0,0,0$0,0,0,0
6,2046,0,0$0,0,0,0,0,0,0,0,0,0$1,0.65904564,0.5332925,1,1,1,1,0,0,1,4,0,1,0,0,0,0,0$0,0,0,0
7,1622,0,0$1,0,0,0,0,0,0,0,0,1$1,0.32178065,0.5211597,1,1,1,1,1,0,1,5,1,0,0,5,1,0,0$0,0,0,0
8,3193,0,0$1,0,0,0,0,0,0,0,1,0$2,0.6329588,0.5181265,1,0,0,0,0,0,0,0,0,0,0.62550545,0.42713067,1,1,0,0,0,0,0,0,0,0,0,0,0,0,0$0,0,0,0
9,702,0,1$1,0,0,0,0,0,0,0,0,0$2,0.67767906,0.6849522,0,0,0,0,0,0,0,0,0,0,0.32178065,0.48779455,1,1,0,0,0,0,0,0,0,0,0,3,0,0,0$0,0,0,0
10,1319,0,0$1,0,0,0,0,0,0,0,0,1$2,0.60128206,0.32400206,1,0,0,0,0,0,0,0,0,0,0.6105987,0.24210578,1,0,0,0,0,0,0,0,0,0,0,4,1,0,0$0,0,0,0
11,3008,0,0$1,0,0,0,0,0,0,0,1,0$4,0.48948145,0.53025925,0,0,1,0,0,0,0,0,0,0,0.6422756,0.53632563,1,0,0,0,0,0,0,0,0,0,0.32364398,0.5454253,1,1,0,0,0,0,0,0,0,0,0.6515922,0.4028651,1,1,0,0,0,0,0,0,0,0,0,4,0,0,0$0,0,0,0
12,4450,0,0$0,0,0,0,0,0,0,0,0,0$3,0.62923217,0.28153732,1,1,1,1,1,0,1,5,1,0,0.62736875,0.4180311,1,1,1,1,1,0,1,5,1,0,0.6329588,0.5545248,1,1,1,0,0,0,0,0,0,0,0,13,2,0,0$0,0,0,0
13,5585,0,0$0,0,0,0,0,0,0,0,0,0$2,0.5006615,0.58485675,0,1,0,0,0,0,0,0,0,0,0.6515922,0.53025925,1,0,0,0,0,0,0,0,0,0,1,0.97208714,0.5241929,0,1,1,1,0,0,0,0,0,1,0$0,0,0,0
14,1156,0,0$1,0,1,1,0,0,0,0,1,0$1,0.6348222,0.5514916,1,1,1,0,0,0,1,3,1,0,0,1,0,2,0$0,0,0,0
15,1086,0,0$1,0,0,0,0,0,0,0,1,0$2,0.3385507,0.71225095,1,1,1,1,1,0,0,0,0,0,0.3571841,0.62428826,1,1,1,1,1,0,0,0,0,1,0,0,0,10,0$0,0,0,0
16,3959,0,0$1,0,0,0,0,0,0,0,0,0$2,0.33109733,0.5454253,1,1,1,0,0,0,0,3,0,0,0.34414074,0.46049577,1,1,0,0,0,0,0,0,0,0,0,0,0,6,0$0,0,0,0
17,1506,0,0$0,0,0,0,0,0,0,0,0,0$1,0.3571841,0.58485675,1,1,1,1,0,0,0,0,0,0,1,0.9814039,0.5211597,1,1,1,0,0,0,0,4,0,0,0$0,0,0,0
18,4061,0,0$1,0,0,0,0,0,0,0,0,0$2,0.6441389,0.11167843,1,1,1,1,1,1,1,6,1,0,0.32178065,0.5120601,1,1,1,1,1,0,1,5,0,0,0,11,0,0,0$0,0,0,0
19,4073,0,0$1,0,0,0,0,0,0,0,1,0$2,0.6385489,0.5090269,1,1,0,0,0,0,0,0,0,0,0.6310954,0.34523442,1,1,0,0,0,0,0,0,0,0,0,0,0,4,0$0,0,0,0
20,5603,0,0$1,0,0,1,0,0,0,0,1,0$3,0.6534556,0.4028651,1,1,1,0,0,0,1,3,0,0,0.64041215,0.5818236,1,0,0,0,0,0,1,1,0,0,0.3571841,0.6424875,1,0,0,0,0,0,0,0,0,0,0,0,0,5,0$0,0,0,0
21,369,0,0$1,0,1,0,0,0,0,0,1,0$3,0.6087354,0.11774482,1,0,0,0,0,0,0,0,0,0,0.595692,0.28153732,1,0,0,0,0,0,0,0,0,0,0.5882386,0.48779455,1,0,0,0,0,0,0,0,0,0,0,4,0,0,0$0,0,0,0
22,702,0,0$0,0,0,0,0,0,0,0,0,0$1,0.30128387,0.5545248,1,1,0,0,0,0,0,0,0,0,0,5,0,0,0$0,0,0,0
23,2994,0,0$1,0,0,0,0,0,0,0,1,0$2,0.64041215,0.084379666,1,1,1,1,1,0,1,5,1,0,0.30873722,0.5120601,1,0,0,0,0,0,0,0,0,0,0,6,1,0,0$0,0,0,0
24,1318,0,0$1,0,0,0,0,0,0,0,1,1$1,0.6161887,0.3573672,1,1,1,1,1,1,1,6,0,0,0,0,0,0,0$0,0,0,0
25,3193,0,0$1,0,0,0,0,0,0,0,1,1$1,0.28637713,0.6424875,1,1,1,0,0,0,0,0,0,0,0,0,0,0,0$0,0,0,0
26,4498,0,0$0,0,0,0,0,0,0,0,0,0$2,0.34041408,0.93367416,1,1,1,1,0,0,0,0,0,0,0.29942054,0.82144594,1,1,0,0,0,0,0,0,0,0,0,6,0,0,0$0,0,0,0
27,4073,0,0$1,1,0,0,0,0,0,0,1,0$0,1,0.9310936,0.5029605,1,1,0,0,0,0,0,0,0,0,0$0,0,0,0
28,4061,0,0$1,0,0,0,0,0,0,0,0,1$1,0.62736875,0.060114108,1,1,1,1,1,1,1,6,1,0,0,7,1,0,0$0,0,0,0
29,4613,0,0$1,0,0,0,0,0,0,0,0,1$2,0.6161887,0.096512444,1,1,1,1,1,1,1,6,0,0,0.59755534,0.21177386,1,1,1,1,1,1,0,0,0,0,0,15,1,0,0$0,0,0,0
30,1816,0,0$1,0,0,0,0,0,0,0,1,1$2,0.6497289,0.0783133,1,1,1,1,0,0,0,4,0,0,0.64600223,0.19054146,1,1,1,1,0,0,0,0,0,0,0,0,0,0,0$0,0,0,0

1,4073,0,0$0,0,0,0,0,0,0,0,0,0$2,0.60687196,0.43623024,0,1,0,0,0,0,0,0,0,0,0.60128206,0.25120538,0,0,0,0,0,0,1,1,0,0,0,0,0,1,0$0,0,0,0
2,4468,0,0$1,1,0,0,0,0,0,0,1,0$2,0.62550545,0.2481722,1,1,1,1,1,0,0,0,0,0,0.6217788,0.5029605,1,1,1,0,0,0,0,0,0,0,0,0,0,8,0$0,0,0,0
3,1305,0,0$1,0,0,2,0,0,0,0,0,0$1,0.60687196,0.3846659,0,0,0,0,0,0,1,2,1,0,0,0,0,0,0$0,0,0,0
4,379,0,0$1,0,0,0,0,0,0,0,0,1$2,0.3571841,0.8972758,1,1,1,1,1,1,1,6,1,0,0.32737064,0.8244791,1,1,1,1,1,1,1,6,1,0,0,12,2,0,0$0,0,0,0
5,5472,0,0$1,0,0,0,0,0,0,0,0,0$1,0.31060058,0.83054554,1,1,1,0,0,0,0,0,0,0,0,5,0,0,0$0,0,0,0
6,708,0,0$1,0,0,0,0,0,0,0,0,0$2,0.6087354,0.102578856,1,1,0,0,0,0,0,0,0,0,0.62736875,0.2481722,1,1,0,0,0,0,0,0,0,0,0,4,0,0,0$0,0,0,0
7,1816,0,0$1,0,0,1,0,0,0,0,0,0$2,0.6366855,0.37253317,1,1,1,0,0,0,0,0,0,0,0.59941864,0.50599366,1,1,1,0,0,0,0,0,0,0,0,0,0,6,0$0,0,0,0
8,5735,0,0$1,0,0,0,0,0,0,0,0,1$4,0.62550545,0.120778,1,1,1,1,0,0,0,0,0,0,0.6199154,0.25727177,1,1,1,1,0,0,0,0,0,0,0.31060058,0.5150933,1,0,0,0,0,0,0,0,0,0,0.5901019,0.43623024,1,1,0,0,0,0,0,0,0,0,0,11,0,0,0$0,0,0,0
9,4048,0,0$1,0,0,1,0,0,0,0,0,0$0,1,0.9124602,0.5090269,1,1,1,0,0,0,0,0,0,0,0$0,0,0,0
10,4653,0,0$1,0,0,0,0,0,0,0,1,0$2,0.31619057,0.8548111,0,0,0,0,0,0,1,2,0,0,0.2845138,0.62428826,0,0,0,0,0,0,1,2,0,0,0,0,0,2,0$0,0,0,0
11,70,0,0$1,2,1,0,0,0,0,0,1,0$1,0.6050087,0.19964108,1,1,1,1,1,1,1,6,1,0,0,6,0,3,0$0,0,0,0
12,4080,0,0$0,0,0,0,0,0,0,0,0,0$0,0,0,0,0,0$0,0,0,1
13,5603,0,0$1,0,0,0,0,0,0,0,0,0$1,0.6217788,0.17537552,1,1,1,0,0,0,1,3,1,0,0,5,0,0,0$0,0,0,0
14,4143,0,0$1,0,0,0,0,0,0,0,0,0$1,0.6050087,0.24513899,1,1,1,1,1,1,1,6,0,0,1,0.92177695,0.4695954,0,0,0,0,0,0,0,0,0,6,0$0,0,0,0
15,4593,0,0$1,1,0,0,0,0,0,0,1,0$0,1,0.96277046,0.46656218,0,0,0,1,0,0,0,1,0,0,0$0,0,0,0
16,123,0,0$1,0,0,0,0,0,0,0,1,0$2,0.2956938,0.79414713,1,1,1,1,1,0,0,0,0,0,0.29383048,0.65765345,1,1,1,0,0,0,0,0,0,0,0,9,0,0,0$0,0,0,0
17,148,0,0$1,0,1,0,0,0,0,0,0,0$2,0.61432546,0.1268444,1,1,1,1,1,1,1,6,1,0,0.30873722,0.44532984,1,1,1,1,1,1,1,6,1,0,0,6,0,0,0$0,0,0,0
18,2594,0,0$1,0,0,0,0,0,0,0,1,0$3,0.62923217,0.32703522,1,1,0,0,0,0,0,0,0,0,0.6050087,0.22693984,1,1,0,0,0,0,0,0,0,0,0.27519703,0.6455206,1,1,1,1,0,0,0,0,0,0,0,0,0,8,0$0,0,0,0
19,1305,0,0$1,0,0,0,0,0,0,0,1,0$3,0.60687196,0.41499788,1,1,0,0,0,0,1,2,0,0,0.6199154,0.229973,1,1,0,0,0,0,1,2,1,0,0.59755534,0.31490245,1,0,0,0,0,0,0,0,0,0,0,0,0,5,0$0,0,0,0
20,4450,0,0$0,0,0,0,0,0,0,0,0,0$2,0.5696051,0.19660787,1,1,1,1,0,0,0,0,0,0,0.6105987,0.054047745,1,1,1,1,0,0,0,0,0,0,0,8,0,0,0$0,0,0,0
21,1574,0,0$1,0,0,2,0,0,0,0,1,0$2,0.29942054,0.87907666,1,1,1,1,1,0,1,5,1,0,0.29383048,0.50599366,1,1,1,1,1,0,1,5,1,0,0,10,2,0,0$0,0,0,0
22,3663,0,0$0,0,0,0,0,0,0,0,0,0$3,0.30128387,0.56362444,1,1,0,0,0,0,0,0,0,0,0.2956938,0.79718035,1,1,1,1,1,1,0,0,0,0,0.005012398,0.9518733,1,1,0,0,0,0,0,0,0,0,0,8,0,0,0$0,0,0,0
23,56,0,0$0,0,0,0,0,0,0,0,0,0$2,0.30128387,0.9185081,1,1,1,1,1,0,1,5,1,0,0.3180539,0.69405174,1,1,0,0,0,0,0,0,0,0,1,0.90314347,0.47869498,1,1,1,0,0,0,0,7,1,0,0$0,0,0,0
24,3495,0,0$1,0,0,0,0,0,0,0,0,0$1,0.5938287,0.5090269,1,1,0,0,0,0,0,0,0,0,0,0,0,2,0$0,0,0,0
25,107,0,0$1,3,0,0,0,1,1,1,1,0$3,0.30314723,0.7880808,1,1,1,1,1,1,1,6,1,0,0.30314723,0.5909232,1,1,1,1,1,1,1,6,1,0,0.3255073,0.86694384,1,1,0,0,0,0,1,2,0,0,0,14,2,0,0$0,0,0,0
26,948,0,0$1,3,0,0,0,1,1,1,0,0$1,0.2956938,0.5666576,1,1,1,1,1,1,1,6,1,0,1,0.93668365,0.5090269,1,1,1,0,0,0,0,9,1,0,0$0,0,0,0
27,4595,0,1$0,0,0,0,0,0,0,0,0,0$0,0,0,0,0,0$0,0,0,0
28,3974,0,0$0,0,0,0,0,0,0,0,0,0$2,0.32178065,0.8487447,1,1,1,1,0,0,0,0,0,0,0.32178065,0.57575715,1,0,0,0,0,0,0,0,0,0,0,0,0,5,0$0,0,0,0
29,4450,0,0$0,0,0,0,0,0,0,0,0,0$3,0.29942054,0.7820144,1,1,1,1,0,0,0,0,0,0,0.28265044,0.65765345,1,1,0,0,0,0,0,0,0,0,0.28824046,0.900309,1,1,0,0,0,0,0,0,0,0,0,8,0,0,0$0,0,0,0
30,5046,0,0$1,0,0,0,0,0,0,0,0,1$2,0.33109733,0.50599366,1,1,1,1,1,1,1,6,1,0,0.31432724,0.5818236,1,1,1,1,1,1,1,6,1,0,0,12,2,0,0$0,0,0,0

1,900,0,0$0,0,0,0,0,0,0,0,0,0$1,0.62550545,0.096512444,1,0,0,0,0,0,0,0,0,0,0,3,0,1,0$0,0,0,0
2,123,0,0$1,0,1,0,0,0,0,0,1,0$1,0.30501056,0.7001181,1,1,1,0,0,0,0,0,0,0,1,0.96463376,0.5029605,0,0,0,1,0,0,0,5,1,0,0$0,0,0,0
3,3974,0,0$1,1,0,0,0,0,0,0,1,0$1,0.6422756,0.37556633,1,1,0,0,0,0,0,0,0,0,1,0.9310936,0.5120601,0,0,1,1,0,0,0,0,0,4,0$0,0,0,0
4,176,0,0$1,0,0,0,0,0,0,0,0,1$1,0.31619057,0.5211597,0,0,0,0,0,0,1,2,1,0,1,0.94972706,0.44229665,1,0,0,0,0,0,0,0,1,0,0$0,0,0,0
5,5586,0,0$1,0,0,0,0,0,0,0,0,1$0,0,0,0,0,0$0,0,0,0
6,4593,0,0$1,1,0,0,0,0,0,0,0,0$0,0,0,0,0,0$0,0,0,0
7,4595,0,0$0,0,0,0,0,0,0,0,0,0$0,0,0,0,0,0$0,0,0,0
8,88,0,0$0,0,0,0,0,0,0,0,0,0$2,0.6422756,0.37859955,1,0,0,0,0,0,0,0,0,0,0.6199154,0.16930911,0,0,0,0,0,0,1,4,1,0,1,0.91059685,0.4999273,0,0,0,1,0,0,0,1,1,1,0$0,0,0,0
9,303,0,0$1,0,0,0,0,0,0,0,0,1$3,0.2956938,0.900309,1,1,1,1,1,1,1,6,1,0,0.29383048,0.745616,1,1,1,1,1,1,1,6,1,0,0.29755715,0.6758526,1,1,1,1,0,0,0,0,0,0,0,16,2,0,0$0,0,0,0
10,610,0,0$1,0,0,0,0,0,0,0,0,1$1,0.30501056,0.8396451,1,1,0,0,0,0,0,0,0,0,0,4,0,0,0$0,0,0,0
11,339,0,0$1,0,0,0,0,0,0,0,1,0$1,0.30873722,0.75774884,1,1,1,1,1,1,0,0,0,0,0,6,0,0,0$0,0,0,0
12,3452,0,0$0,0,0,0,0,0,0,0,0,0$1,0.32364398,0.7638153,1,1,1,1,0,0,0,0,0,0,1,0.9310936,0.5332925,1,1,0,0,0,0,0,0,0,4,0$0,0,0,0
13,1923,0,0$0,0,0,0,0,0,0,0,0,0$3,0.33109733,0.7789812,1,1,1,1,1,0,1,5,0,0,0.31060058,0.9063754,1,1,1,1,1,1,0,0,0,0,0.34041408,0.97007245,1,0,0,0,0,0,0,0,0,0,0,12,1,0,0$0,0,0,0
14,2457,0,0$1,0,0,0,0,0,0,0,0,1$3,0.32364398,0.6424875,1,1,1,1,1,1,1,6,0,0,0.3571841,0.74864924,0,0,0,0,0,0,0,0,0,0,0.29755715,0.9397405,1,0,0,0,0,0,0,0,0,0,0,11,0,0,0$0,0,0,0
15,271,0,0$0,0,0,0,0,0,0,0,0,0$2,0.3124639,0.5484584,1,0,0,0,0,0,0,0,0,0,0.32178065,0.8517779,1,0,0,0,0,0,0,0,0,0,0,2,0,0,0$0,0,0,0
16,1114,0,0$1,3,0,0,0,1,1,1,1,0$2,0.6441389,0.084379666,1,1,1,1,1,1,1,6,1,0,0.62550545,0.21177386,1,1,1,1,1,1,1,6,1,0,1,0.9869939,0.48779455,1,1,1,0,0,0,0,0,2,12,0$0,0,0,0
17,5407,0,0$1,0,0,1,0,0,0,0,1,0$1,0.3180539,0.9397405,0,0,0,0,0,0,1,4,1,0,0,0,2,0,0$0,0,0,0
18,5572,0,0$0,0,0,0,0,0,0,0,0,0$2,0.33109733,0.8153796,1,1,1,1,0,0,1,4,0,0,0.34041408,0.95793974,1,1,1,1,0,0,0,4,0,0,0,8,0,0,0$0,0,0,0
19,5046,0,0$1,0,0,0,0,0,0,0,0,1$2,0.3124639,0.93670726,1,1,1,1,1,1,1,6,1,0,0.31619057,0.8123464,1,1,1,1,1,1,1,6,1,0,0,12,3,0,0$0,0,0,0
20,176,0,0$1,0,0,0,0,0,0,0,0,1$1,0.60687196,0.114711635,0,0,0,0,0,0,1,4,1,0,1,0.97767717,0.5211597,1,1,0,0,0,0,0,0,1,0,0$0,0,0,0
21,70,0,0$1,3,1,0,0,0,0,0,1,0$2,0.29196712,0.5120601,1,1,1,1,1,1,1,6,0,0,0.6236421,0.4180311,1,1,1,1,0,0,1,4,0,0,0,0,0,9,0$0,0,0,0
22,842,0,0$1,0,0,0,0,0,0,0,1,0$0,1,0.9739505,0.49689412,0,0,0,1,0,0,0,0,1,0,0$0,0,0,0
23,3309,0,0$1,3,0,0,0,1,1,1,1,0$3,0.30501056,0.8275123,1,1,1,1,1,0,1,5,0,0,0.6180521,0.49689412,1,0,0,0,0,0,1,1,0,0,0.6236421,0.39073232,1,0,0,0,0,0,0,0,0,0,0,0,1,8,0$0,0,0,0
24,701,0,0$1,0,0,0,0,0,0,0,0,1$3,0.32178065,0.7789812,1,1,1,1,1,0,1,5,1,0,0.32364398,0.84571147,1,1,1,1,1,0,1,5,1,0,0.32178065,0.6849522,1,1,1,0,0,0,0,0,0,0,1,0.97208714,0.5029605,1,1,0,0,0,0,0,13,2,0,0$0,0,0,0
25,3008,0,0$1,0,0,0,0,0,0,0,1,0$0,1,0.9534537,0.53935885,0,1,1,1,0,0,0,3,0,0,0$0,0,0,0
26,3959,0,0$0,0,0,0,0,0,0,0,0,0$1,0.6161887,0.48476133,1,1,1,1,1,1,1,6,0,0,0,0,0,6,0$0,0,0,0
27,4146,0,0$1,1,0,0,0,0,0,0,1,0$2,0.31432724,0.83054554,1,1,0,0,0,0,0,0,0,0,0.29383048,0.93367416,1,1,0,0,0,0,0,0,0,0,0,7,0,0,0$0,0,0,0
28,5586,0,0$0,0,0,0,0,0,0,0,0,0$1,0.31432724,0.87604344,0,0,0,0,0,0,1,4,1,0,0,0,0,0,0$0,0,0,0
29,5572,0,0$0,0,0,0,0,0,0,0,0,0$0,1,0.98326725,0.41196468,1,0,0,0,0,0,0,0,0,0,0$0,0,0,0
30,5407,0,0$0,0,0,0,0,0,0,0,0,0$2,0.48948145,-0.22197297,0,0,0,0,0,0,0,0,0,0,0.62923217,0.11774482,0,0,0,0,0,0,1,4,0,0,1,0.96277046,0.5120601,1,0,0,0,0,0,0,0,0,0,0$0,0,0,0

1,4909,1,0$0,0,0,0,0,0,0,0,0,0$2,0.34786743,0.9488401,1,1,1,1,1,1,1,6,1,0,0.6441389,0.5605912,1,0,0,0,0,0,0,0,0,0,1,0.10004289,0.11774482,0,0,0,0,0,0,0,8,1,0,0$0,0,0,0
2,107,1,0$1,3,0,0,0,1,1,1,1,0$3,0.3460041,0.8881762,1,1,1,1,1,1,1,6,1,0,0.34973076,0.9518733,1,1,1,1,1,1,0,0,0,0,0.62736875,0.5241929,1,1,1,1,1,0,0,0,0,0,0,17,1,0,0$0,0,0,0
3,3495,1,0$1,0,0,0,0,0,0,0,0,1$2,0.6534556,0.14504355,1,1,1,1,0,0,1,4,1,0,0.64786553,0.4180311,1,1,1,0,0,0,0,0,0,0,0,0,1,7,0$0,0,0,0
4,4355,1,0$1,0,0,0,0,0,0,0,1,0$3,0.8379265,0.22087343,0,0,0,0,0,0,0,0,0,0,0.34786743,0.120778,0,0,0,0,0,0,0,0,0,0,0.66277236,0.102578856,1,1,1,0,0,0,0,0,0,0,0,5,0,0,0$0,0,0,0
5,230,1,0$1,0,0,0,0,0,0,0,0,1$3,0.34973076,0.60002273,0,0,0,0,0,0,0,0,0,0,0.3460041,0.48476133,1,1,1,1,1,0,0,0,0,0,0.64786553,0.28457052,0,0,0,0,0,0,1,5,0,0,1,0.08699947,0.53935885,1,1,1,0,0,0,0,0,0,5,0$0,0,0,0
6,1156,1,0$1,0,0,1,0,0,0,0,0,0$2,0.672089,0.5090269,1,1,1,1,1,1,1,6,1,0,0.64600223,0.4210643,1,1,0,0,0,0,0,0,0,0,1,0.14848977,0.11774482,0,0,0,0,0,0,0,8,1,0,0$0,0,0,0
7,5737,1,0$1,1,0,0,0,0,0,0,0,0$2,0.655319,0.46049577,1,1,0,0,0,0,0,0,0,0,0.6348222,0.39679873,0,0,0,0,0,0,0,0,0,0,0,3,0,0,0$0,0,0,0
8,4613,1,0$1,3,2,0,0,1,1,1,1,0$2,0.37022752,0.92154133,1,1,1,1,1,1,1,6,0,0,0.6515922,0.5211597,1,1,1,1,1,1,1,6,1,0,0,12,1,0,0$0,0,0,0
9,3309,1,0$1,0,0,0,0,0,0,0,0,1$3,0.6814057,0.42713067,1,1,1,1,1,0,1,5,1,0,0.6329588,0.16324274,1,1,1,1,1,0,1,5,1,0,0.37581754,0.8821099,1,1,1,1,0,0,1,4,0,0,0,0,1,14,0$0,0,0,0
10,1574,1,0$1,0,0,1,0,0,0,0,0,0$3,0.38513428,0.7243837,1,1,1,1,1,0,1,5,1,0,0.3907243,0.8821099,1,1,1,1,1,0,1,5,1,0,0.655319,0.5454253,1,1,0,0,0,0,0,0,0,0,0,13,2,0,0$0,0,0,0
11,5046,1,0$0,0,0,0,0,0,0,0,0,0$2,0.6683623,0.42713067,1,1,1,1,1,1,1,6,1,0,0.6571823,0.32400206,1,1,1,1,1,1,1,6,1,0,0,12,2,0,0$0,0,0,0
12,3937,1,0$1,0,0,0,0,0,0,0,0,1$2,0.67767906,0.49386096,1,1,1,1,1,1,1,6,0,0,0.64786553,0.39376554,1,1,1,1,1,1,1,6,0,0,0,12,0,0,0$0,0,0,0
13,369,1,0$1,0,0,0,0,0,0,0,1,0$2,0.34973076,0.5484584,1,1,1,1,0,0,0,0,0,0,0.8658766,-5.497802E-4,0,0,0,0,0,0,0,0,0,0,0,0,1,6,0$0,0,0,0
14,57,1,0$0,0,0,0,0,0,0,0,0,0$2,0.6683623,0.4695954,1,1,1,0,0,0,0,0,0,0,0.34786743,0.87604344,1,1,1,0,0,0,0,0,0,0,1,0.07581944,0.56362444,1,1,0,0,0,0,0,0,0,8,0$0,0,0,0
15,1622,1,0$0,0,0,0,0,0,0,0,0,0$1,0.67395234,0.42713067,1,1,1,1,1,1,0,0,0,0,0,6,1,0,0$0,0,0,0
16,900,1,0$0,0,0,0,0,0,0,0,0,0$1,0.34786743,0.9670392,1,1,0,0,0,0,0,0,0,0,0,2,0,0,0$0,0,0,0
17,5586,1,0$1,0,0,0,0,0,0,0,0,1$2,0.3422774,0.53025925,1,0,0,0,0,0,0,0,0,0,0.3627742,0.448363,1,0,0,0,0,0,0,0,0,0,1,0.0068757357,0.5545248,0,0,0,1,0,0,0,0,0,2,0$0,0,0,0
18,5654,1,0$0,0,0,0,0,0,0,0,0,0$1,0.36650085,0.8487447,1,1,1,0,0,0,1,3,0,0,0,5,0,0,0$0,0,0,0
19,5472,1,0$1,0,0,0,0,0,0,0,1,0$3,0.26588035,0.102578856,0,0,0,0,0,0,0,0,0,0,0.35345745,0.9063754,1,1,1,1,0,0,0,0,0,0,0.6814057,0.3573672,1,1,0,0,0,0,0,0,0,0,0,6,0,0,0$0,0,0,0
20,4653,1,0$1,1,0,0,0,0,0,0,1,0$1,0.29942054,0.57879037,1,1,0,0,0,0,0,0,0,0,1,0.051595945,0.50599366,1,1,0,0,0,0,0,0,0,4,0$0,0,0,0
21,228,1,0$1,0,0,0,0,0,0,0,1,0$1,0.38140762,0.58788997,1,0,0,0,0,0,0,0,0,0,1,0.06463936,0.49689412,1,0,0,0,0,0,0,0,0,1,0$1,0,0,0
22,1816,1,0$1,0,0,0,0,0,0,0,0,1$2,0.36650085,0.8608775,1,0,0,0,0,0,0,0,0,0,0.34786743,0.7698816,1,1,1,0,0,0,1,3,0,0,0,0,0,6,0$0,0,0,0
23,4355,1,0$1,0,0,0,0,0,0,0,1,0$0,0,3,0,0,0$0,0,0,0
24,3452,1,0$1,0,0,0,0,0,0,0,0,1$2,0.666499,0.3573672,1,1,1,1,0,0,1,4,0,0,0.64600223,0.27547094,1,1,1,1,0,0,0,0,0,0,0,0,0,6,0$0,0,0,0
25,649,1,0$1,0,0,0,0,0,0,0,1,0$2,0.67581576,0.3422012,1,1,1,1,0,0,0,5,0,0,0.36650085,0.6455206,1,1,1,1,0,0,0,0,0,0,0,0,0,8,0$0,0,0,0
26,303,1,0$0,0,0,0,0,0,0,0,0,0$1,0.3515941,0.5696908,1,1,1,1,1,0,0,0,0,0,0,0,0,5,0$0,0,0,0
27,1923,1,0$0,0,0,0,0,0,0,0,0,0$2,0.38327095,0.95793974,1,1,1,1,1,0,1,5,1,0,0.34786743,0.8275123,1,1,1,1,1,0,1,5,0,0,0,9,0,1,0$0,0,0,0
28,5737,1,0$1,0,0,0,0,0,0,0,1,0$0,0,4,0,0,0$0,0,0,0
29,3309,1,0$1,0,0,0,0,0,0,0,0,1$3,0.6571823,0.27547094,1,1,1,1,1,0,1,5,1,0,0.6534556,0.48779455,1,1,1,1,0,0,1,4,0,0,0.37581754,0.65462023,1,1,1,0,0,0,1,3,0,0,0,0,1,12,0$0,0,0,0
30,4653,1,0$1,1,0,0,0,0,0,0,1,0$4,0.3907243,0.92457455,1,1,0,0,0,0,0,0,0,0,0.39817765,0.8002136,1,1,0,0,0,0,0,0,0,0,0.4037677,0.6697863,1,1,0,0,0,0,0,0,0,0,0.37581754,0.57272404,1,0,0,0,0,0,0,0,0,0,0,0,0,7,0$0,0,0,0

1,842,1,0$0,0,0,0,0,0,0,0,0,0$2,0.64786553,0.3573672,1,1,1,0,0,0,1,3,1,0,0.64600223,0.11167843,0,0,0,0,0,0,1,1,1,0,0,3,2,0,0$0,0,0,0
2,948,1,0$0,0,0,0,0,0,0,0,0,0$2,0.6385489,0.13291077,1,1,1,1,1,1,1,6,1,0,0.62550545,0.25727177,1,1,1,1,1,1,0,0,0,0,0,12,1,0,0$0,0,0,0
3,4143,1,0$1,0,0,0,0,0,0,0,0,1$2,0.34041408,0.71225095,1,1,1,1,1,1,1,6,0,0,0.31619057,0.5939564,1,1,0,0,0,0,0,0,0,0,1,0.019919153,0.42713067,1,1,0,0,0,0,0,0,0,8,0$0,0,0,0
4,148,1,0$1,3,3,0,0,1,1,1,1,0$4,0.34414074,0.8972758,1,1,1,1,1,1,1,6,1,0,0.33109733,0.7820144,1,1,1,1,1,1,1,6,1,0,0.30314723,0.6697863,1,1,1,1,1,1,1,6,1,0,0.329234,0.5211597,1,1,1,1,1,1,0,0,0,0,0,24,3,0,0$0,0,0,0
5,4146,1,0$0,0,0,0,0,0,0,0,0,0$2,0.6534556,0.14201035,1,1,1,1,1,0,0,0,0,0,0.66277236,0.05101454,1,1,1,1,0,0,0,0,0,0,0,9,0,0,0$0,0,0,0
6,228,1,1$0,0,0,0,0,0,0,0,0,0$0,0,0,0,0,0$0,0,0,0
7,2996,1,0$1,1,0,0,0,1,0,0,1,0$1,0.34786743,0.6364211,1,1,1,1,0,0,0,0,0,1,1,0.04600593,0.5029605,1,1,0,0,0,0,0,0,0,1,0$0,0,0,0
8,341,1,0$0,0,0,0,0,0,0,0,0,0$0,1,0.049732607,0.44229665,1,1,1,0,0,0,0,0,0,0,0$0,0,0,0
9,1506,1,0$1,0,1,0,0,0,0,0,1,0$1,0.66090894,0.27243775,1,1,0,0,0,0,0,0,0,0,1,0.04600593,0.48779455,0,0,0,1,0,0,0,3,1,0,0$0,0,0,0
10,2557,1,0$1,0,0,1,0,0,0,0,1,0$0,0,0,0,5,0$0,0,0,0
11,2994,1,0$1,0,0,0,0,0,0,0,1,0$2,0.36650085,0.49689412,1,1,1,1,0,0,0,0,0,0,0.66277236,0.102578856,1,1,1,0,0,0,0,0,0,0,0,0,0,8,0$0,0,0,0
12,649,1,0$1,0,0,0,0,0,0,0,1,0$2,0.35345745,0.5181265,1,1,1,1,0,0,0,0,0,1,0.3422774,0.9094086,1,0,0,0,0,0,0,0,0,0,0,0,0,6,0$0,0,0,0
13,3663,1,0$0,0,0,0,0,0,0,0,0,0$3,0.34786743,0.8093132,1,1,1,1,1,0,1,5,1,0,0.3385507,0.7001181,1,1,1,1,1,0,1,5,1,0,0.6683623,0.5332925,1,1,1,1,1,0,0,0,0,0,0,15,2,0,0$0,0,0,0
14,2996,1,0$1,0,0,0,0,0,0,0,1,0$1,0.34786743,0.5029605,1,1,1,1,0,0,1,4,0,0,0,0,0,6,0$0,0,0,0
15,3974,1,0$1,0,0,0,0,0,0,0,1,0$2,0.33668736,0.5969895,1,1,1,0,0,0,0,0,0,0,0.31619057,0.7001181,1,1,1,0,0,0,0,0,0,0,0,0,0,7,0$0,0,0,0
16,4468,1,0$0,0,0,0,0,0,0,0,0,0$2,0.31432724,0.61822194,1,1,1,1,1,0,0,0,0,0,0.6534556,0.17840873,1,1,1,1,0,0,0,0,0,0,0,0,0,9,0$0,0,0,0
17,120,1,0$1,0,0,0,0,0,0,0,0,0$2,0.67581576,0.45746258,0,0,0,1,1,1,1,6,1,0,0.32178065,0.57272404,0,0,0,1,1,1,1,6,1,0,0,6,2,0,0$0,0,0,0
18,4595,1,0$0,0,0,0,0,0,0,0,0,0$2,0.3385507,0.6394543,1,0,0,0,0,0,0,0,0,0,0.8379265,0.008549815,0,0,0,0,0,0,0,0,0,0,0,0,0,1,0$0,0,0,0
19,1319,1,0$0,0,0,0,0,0,0,0,0,0$3,0.66277236,0.46656218,0,0,1,1,0,0,1,4,1,0,0.31060058,0.5181265,0,0,0,0,0,0,0,0,0,0,0.64041215,0.20267428,1,0,0,0,0,0,1,0,0,0,0,2,1,0,0$0,0,0,0
20,4146,1,0$1,0,0,0,0,0,0,0,1,0$1,0.34414074,0.89120936,1,1,1,1,0,0,1,4,1,0,0,4,1,0,0$0,0,0,0
21,5737,1,0$1,0,0,0,0,0,0,0,1,0$2,0.34414074,0.82144594,1,1,1,0,0,0,0,0,0,0,0.3460041,0.7092177,1,0,0,0,0,0,0,0,0,0,0,4,0,0,0$0,0,0,0
22,610,1,0$1,0,0,0,0,0,0,0,0,1$2,0.64600223,0.25423855,1,1,1,1,0,0,1,4,0,0,0.64041215,0.39073232,1,1,1,1,0,0,0,0,0,0,0,8,0,0,0$0,0,0,0
23,5585,1,0$0,0,0,0,0,0,0,0,0,0$0,1,0.051595945,0.48779455,0,0,0,1,0,0,0,0,0,2,0$0,0,0,1
24,2046,1,0$1,0,0,1,0,0,0,0,1,0$1,0.34041408,0.79414713,1,1,1,0,0,0,1,3,0,0,0,2,0,5,0$0,0,0,0
25,708,1,0$1,0,0,0,0,0,0,0,1,0$0,1,0.032962516,0.44229665,1,0,0,0,0,0,0,0,0,0,0$0,0,0,0
26,148,1,0$1,3,2,0,0,1,1,1,1,0$4,0.3422774,0.9397405,1,1,1,1,1,1,1,6,1,0,0.3571841,0.8184127,1,1,1,1,1,1,1,6,1,0,0.3460041,0.70618457,1,1,1,1,1,1,1,6,1,0,0.6441389,0.38769913,1,1,1,1,1,1,1,6,0,1,0,24,3,0,0$0,0,0,0
27,4593,1,0$1,0,0,0,0,0,0,0,0,0$1,0.70190245,0.30883607,1,0,0,0,0,0,0,0,0,0,0,0,0,1,0$0,0,0,0
28,3663,1,0$0,0,0,0,0,0,0,0,0,0$2,0.6534556,0.23300621,1,1,1,1,1,1,1,6,1,0,0.6441389,0.102578856,1,1,1,1,1,1,1,6,1,0,0,17,2,0,0$0,0,0,0
29,123,1,0$1,0,0,0,0,0,0,0,1,0$1,0.66277236,0.102578856,1,1,1,1,1,0,0,0,0,0,0,8,0,0,0$0,0,0,0
30,5585,1,0$0,0,0,0,0,0,0,0,0,0$1,0.30873722,0.49082774,1,1,0,0,0,0,0,0,0,0,0,0,0,1,0$0,0,0,0

1,1318,1,0$0,0,0,0,0,0,0,0,0,0$3,0.334824,0.8821099,1,1,1,1,1,1,1,6,0,0,0.6534556,0.1268444,1,1,1,1,1,1,1,6,0,0,0.6497289,0.054047745,1,1,1,0,0,0,0,0,0,0,0,0,0,15,0$0,0,0,0
2,57,1,0$0,0,0,0,0,0,0,0,0,0$2,0.64600223,0.12987761,1,1,1,1,1,0,0,0,0,0,0.3385507,0.557558,1,1,1,1,0,0,0,0,0,0,1,0.038552582,0.5241929,1,1,1,0,0,0,0,0,0,9,0$0,0,0,0
3,5407,1,0$1,0,0,0,0,0,0,0,0,0$1,0.6422756,0.36343357,0,0,0,0,0,0,1,3,1,0,0,0,2,0,0$0,0,0,0
4,1086,1,0$1,0,0,0,0,0,0,0,0,0$2,0.6534556,0.23300621,1,1,1,1,0,0,0,0,0,0,0.6422756,0.3361348,1,1,1,0,0,0,0,0,0,0,1,0.031099178,0.52722603,1,1,1,0,0,0,0,0,0,12,0$1,0,0,0
5,1923,1,0$0,0,0,0,0,0,0,0,0,0$3,0.3255073,0.6273215,1,1,1,1,1,0,0,0,0,0,0.3385507,0.89120936,1,1,1,1,1,0,1,5,0,0,0.7559394,0.73651654,0,0,0,0,0,0,0,0,0,0,0,11,0,0,0$0,0,0,0
6,1114,1,0$1,3,0,0,0,0,0,0,0,0$3,0.33109733,0.9609729,1,1,1,1,1,1,1,6,0,0,0.3385507,0.8487447,1,1,1,1,1,1,1,6,1,0,0.32364398,0.75168246,1,1,1,1,1,1,1,6,1,0,0,0,2,18,0$1,0,0,0
7,3959,1,0$1,1,1,0,0,0,0,0,0,0$1,0.6310954,0.19357467,1,1,1,1,1,1,1,6,0,0,0,0,0,6,0$0,0,0,0
8,701,1,0$0,0,0,0,0,0,0,0,0,0$1,0.6385489,0.12381121,1,1,1,1,0,0,1,4,1,0,0,4,1,4,0$0,0,0,0
9,4061,1,0$1,0,0,0,0,0,0,0,0,0$1,0.31432724,0.8821099,1,1,1,1,0,0,0,0,0,0,0,4,0,0,0$0,0,0,0
10,120,1,0$1,0,0,0,0,0,0,0,0,0$2,0.66277236,0.45442942,1,1,1,1,1,0,1,5,1,0,0.6422756,0.38163275,1,1,1,1,1,0,1,5,1,0,0,10,2,0,0$0,0,0,0
11,5654,1,0$0,0,0,0,0,0,0,0,0,0$0,0,1,0,0,0$0,0,0,0
12,56,1,0$0,0,0,0,0,0,0,0,0,0$0,1,0.027372502,0.5090269,0,0,1,1,0,0,0,3,0,0,0$0,0,0,0
13,4909,1,0$1,1,0,0,0,0,0,0,1,0$2,0.6646356,0.25423855,1,0,0,0,0,0,0,1,0,0,0.65904564,0.44532984,1,0,0,0,0,0,0,0,0,0,0,5,0,0,0$0,0,0,0
14,379,1,0$1,0,0,0,0,0,0,0,0,0$3,0.6534556,0.18144189,1,1,1,1,1,1,1,6,1,0,0.64600223,0.30580288,1,1,1,1,1,1,1,6,1,0,0.6422756,0.4058983,1,0,0,0,0,0,0,0,0,0,0,13,0,0,0$0,0,0,0
15,948,1,0$1,3,0,0,0,1,1,1,1,0$2,0.65904564,0.12987761,1,1,1,1,1,1,1,6,1,0,0.64786553,0.2936701,1,1,1,1,0,0,1,0,1,0,0,11,0,0,0$0,0,0,0
16,230,1,0$1,0,0,0,0,0,0,0,0,1$1,0.64786553,0.5241929,1,1,1,1,0,0,0,4,0,0,1,0.04786927,0.48172814,0,0,0,1,1,0,0,0,0,4,0$0,0,0,0
17,5735,1,0$0,0,0,0,0,0,0,0,0,0$2,0.64786553,0.41196468,1,1,1,0,0,0,0,3,0,0,0.6497289,0.27243775,1,1,1,0,0,0,0,3,0,0,0,6,0,0,0$0,0,0,0
18,341,1,0$0,0,0,0,0,0,0,0,0,0$3,0.64786553,0.26637134,1,1,1,1,1,0,0,0,0,0,0.6422756,0.18144189,1,1,1,1,1,0,0,1,0,0,0.655319,0.09347926,1,0,0,0,0,0,0,0,0,0,0,11,0,0,0$0,0,0,0
19,4080,1,0$0,0,0,0,0,0,0,0,0,0$1,0.6646356,0.3361348,0,0,1,1,0,0,1,0,1,0,0,2,0,0,0$0,0,0,0
20,4048,1,0$1,1,0,0,0,0,0,0,1,0$3,0.67395234,0.1875083,1,1,1,1,0,0,1,4,1,0,0.34973076,0.8578443,0,0,0,0,0,0,1,0,1,0,0.37022752,0.6970849,0,0,0,0,0,0,1,0,1,0,0,4,0,0,0$0,0,0,0
21,4613,1,0$1,0,0,0,0,0,0,0,0,0$2,0.64786553,0.5241929,1,1,1,1,1,1,1,6,1,0,0.6422756,0.43926343,1,1,1,1,1,1,0,0,0,0,0,12,2,0,0$0,0,0,0
22,88,1,0$1,0,0,0,0,0,0,0,0,0$0,1,0.04041592,0.53632563,1,1,1,0,0,0,0,6,1,0,0$0,0,0,0
23,3937,1,0$1,0,1,0,0,0,0,0,1,0$3,0.6534556,0.13897718,1,1,1,1,1,1,1,6,0,0,0.62736875,0.27547094,1,1,1,1,1,1,1,6,0,0,0.6422756,0.3998319,1,1,1,1,1,1,1,6,0,0,0,18,0,0,0$0,0,0,0
24,339,1,0$0,0,0,0,0,0,0,0,0,0$0,1,0.021782491,0.5605912,0,0,1,1,0,0,0,1,0,0,0$0,0,0,0
25,2557,1,0$1,0,0,0,0,0,0,0,1,0$1,0.6180521,0.25423855,0,0,0,0,1,0,1,4,0,0,0,0,0,1,0$0,0,0,0
26,176,1,0$1,0,2,0,0,0,0,0,1,0$0,1,0.04600593,0.5241929,0,0,0,1,0,0,0,0,0,2,0$0,0,0,0
27,4143,1,0$1,0,0,0,0,0,0,0,1,0$1,0.35532078,0.60912234,1,1,1,0,0,0,1,3,0,0,0,0,0,4,0$0,0,0,0
28,1156,1,0$1,0,1,0,0,0,0,0,1,0$1,0.6422756,0.47566175,1,1,1,1,1,0,1,5,1,0,0,0,1,4,0$0,0,0,0
29,2996,1,0$1,0,0,0,0,0,0,0,1,0$1,0.29755715,0.9549065,1,1,1,0,0,0,1,3,0,0,0,0,0,2,0$0,0,0,0
30,900,1,0$1,1,0,0,0,0,0,0,1,0$2,0.31432724,0.9185081,0,0,0,0,0,0,1,2,1,0,0.31060058,0.8093132,0,0,0,0,0,0,1,2,1,0,0,0,2,0,0$0,0,0,0
s